# Base polarizabilities extracted from D4 reference data
# Shape: (119, 23) - extracted from 104 elements, padded with zeros
# Method: Extracted from isolated atom references (refscount=0)
# Format: One line per element, 23 frequency points

alpha_0 = torch.tensor(
    [
        [   0.00000000000000e+00,    0.00000000000000e+00,    0.00000000000000e+00,    0.00000000000000e+00,    0.00000000000000e+00,    0.00000000000000e+00,    0.00000000000000e+00,    0.00000000000000e+00,    0.00000000000000e+00,    0.00000000000000e+00,    0.00000000000000e+00,    0.00000000000000e+00,    0.00000000000000e+00,    0.00000000000000e+00,    0.00000000000000e+00,    0.00000000000000e+00,    0.00000000000000e+00,    0.00000000000000e+00,    0.00000000000000e+00,    0.00000000000000e+00,    0.00000000000000e+00,    0.00000000000000e+00,    0.00000000000000e+00],  #   0 X 
        [   5.05401600000000e+00,    4.96682100000000e+00,    4.72443900000000e+00,    3.97078600000000e+00,    3.16550300000000e+00,    2.48864600000000e+00,    1.96704600000000e+00,    1.57508400000000e+00,    1.28042900000000e+00,    1.05653300000000e+00,    8.83925000000000e-01,    7.48808000000000e-01,    5.55006000000000e-01,    4.26292000000000e-01,    3.36939000000000e-01,    2.72605000000000e-01,    2.24858000000000e-01,    1.48387000000000e-01,    1.04992000000000e-01,    6.03100000000000e-02,    3.90250000000000e-02,    1.75590000000000e-02,    9.92500000000000e-03],  #   1 H 
        [   1.45463600000000e+00,    1.45021300000000e+00,    1.43714000000000e+00,    1.38759000000000e+00,    1.31354500000000e+00,    1.22436000000000e+00,    1.12861300000000e+00,    1.03278000000000e+00,    9.41058000000000e-01,    8.55772000000000e-01,    7.77929000000000e-01,    7.07704000000000e-01,    5.88640000000000e-01,    4.94012000000000e-01,    4.18709000000000e-01,    3.58353000000000e-01,    3.09516000000000e-01,    2.22300000000000e-01,    1.66509000000000e-01,    1.02624000000000e-01,    6.91900000000000e-02,    3.27930000000000e-02,    1.89800000000000e-02],  #   2 He
        [   1.49684693000000e+02,    1.01093775000000e+02,    5.16672830000000e+01,    1.80181080000000e+01,    8.90934600000000e+00,    5.33090300000000e+00,    3.56971900000000e+00,    2.57307300000000e+00,    1.95375400000000e+00,    1.54217400000000e+00,    1.25438700000000e+00,    1.04493700000000e+00,    7.65833000000000e-01,    5.92286000000000e-01,    4.76082000000000e-01,    3.93814000000000e-01,    3.33009000000000e-01,    2.34547000000000e-01,    1.76685000000000e-01,    1.13304000000000e-01,    8.02740000000000e-02,    4.24220000000000e-02,    2.64160000000000e-02],  #   3 Li
        [   4.28790460000000e+01,    3.99295910000000e+01,    3.31319060000000e+01,    1.98584460000000e+01,    1.20562070000000e+01,    7.87312400000000e+00,    5.50037000000000e+00,    4.05221400000000e+00,    3.10971800000000e+00,    2.46339300000000e+00,    2.00116300000000e+00,    1.65918600000000e+00,    1.19657200000000e+00,    9.06171000000000e-01,    7.11967000000000e-01,    5.75682000000000e-01,    4.76326000000000e-01,    3.19938000000000e-01,    2.32135000000000e-01,    1.41147000000000e-01,    9.65570000000000e-02,    4.88560000000000e-02,    3.02000000000000e-02],  #   4 Be
        [   2.21068880000000e+01,    2.13442260000000e+01,    1.94317910000000e+01,    1.46694210000000e+01,    1.06975470000000e+01,    7.90232000000000e+00,    5.99221000000000e+00,    4.66844900000000e+00,    3.72698800000000e+00,    3.03894400000000e+00,    2.52319900000000e+00,    2.12773900000000e+00,    1.57206200000000e+00,    1.20956800000000e+00,    9.60327000000000e-01,    7.81657000000000e-01,    6.49190000000000e-01,    4.36456000000000e-01,    3.14692000000000e-01,    1.87373000000000e-01,    1.25270000000000e-01,    6.02010000000000e-02,    3.56010000000000e-02],  #   5 B 
        [   1.23555340000000e+01,    1.21386640000000e+01,    1.15492610000000e+01,    9.79994900000000e+00,    7.99168200000000e+00,    6.46911200000000e+00,    5.27155500000000e+00,    4.34637000000000e+00,    3.62985800000000e+00,    3.06915700000000e+00,    2.62468200000000e+00,    2.26767800000000e+00,    1.73843000000000e+00,    1.37298300000000e+00,    1.11102100000000e+00,    9.17259000000000e-01,    7.70100000000000e-01,    5.26911000000000e-01,    3.83503000000000e-01,    2.29873000000000e-01,    1.53581000000000e-01,    7.32580000000000e-02,    4.31920000000000e-02],  #   6 C 
        [   7.53850900000000e+00,    7.46578400000000e+00,    7.25922300000000e+00,    6.57084200000000e+00,    5.74120900000000e+00,    4.94450400000000e+00,    4.24741100000000e+00,    3.66058200000000e+00,    3.17347200000000e+00,    2.77003800000000e+00,    2.43471700000000e+00,    2.15426700000000e+00,    1.71746100000000e+00,    1.39843500000000e+00,    1.15917600000000e+00,    9.75581000000000e-01,    8.31886000000000e-01,    5.85259000000000e-01,    4.33727000000000e-01,    2.65465000000000e-01,    1.79204000000000e-01,    8.60960000000000e-02,    5.07150000000000e-02],  #   7 N 
        [   5.19670900000000e+00,    5.16443000000000e+00,    5.07156900000000e+00,    4.74845000000000e+00,    4.32735300000000e+00,    3.88542600000000e+00,    3.46480100000000e+00,    3.08386400000000e+00,    2.74782900000000e+00,    2.45533100000000e+00,    2.20216000000000e+00,    1.98324100000000e+00,    1.62875900000000e+00,    1.35871700000000e+00,    1.14924700000000e+00,    9.83879000000000e-01,    8.51237000000000e-01,    6.15831000000000e-01,    4.65426000000000e-01,    2.92127000000000e-01,    2.00182000000000e-01,    9.78590000000000e-02,    5.79230000000000e-02],  #   8 O 
        [   3.63383900000000e+00,    3.61969600000000e+00,    3.57839400000000e+00,    3.42793800000000e+00,    3.21737200000000e+00,    2.97992900000000e+00,    2.73834900000000e+00,    2.50579100000000e+00,    2.28899900000000e+00,    2.09081400000000e+00,    1.91179100000000e+00,    1.75120000000000e+00,    1.47952600000000e+00,    1.26277400000000e+00,    1.08868800000000e+00,    9.47406000000000e-01,    8.31438000000000e-01,    6.18974000000000e-01,    4.77855000000000e-01,    3.08641000000000e-01,    2.15354000000000e-01,    1.07913000000000e-01,    6.45990000000000e-02],  #   9 F 
        [   2.62279400000000e+00,    2.61608100000000e+00,    2.59630100000000e+00,    2.52211500000000e+00,    2.41300700000000e+00,    2.28318500000000e+00,    2.14422400000000e+00,    2.00408900000000e+00,    1.86774600000000e+00,    1.73807500000000e+00,    1.61658500000000e+00,    1.50390700000000e+00,    1.30491800000000e+00,    1.13831700000000e+00,    9.99363000000000e-01,    8.83202000000000e-01,    7.85556000000000e-01,    6.01026000000000e-01,    4.73935000000000e-01,    3.15511000000000e-01,    2.24572000000000e-01,    1.15709000000000e-01,    7.02160000000000e-02],  #  10 Ne
        [   1.70928531000000e+02,    1.19194623000000e+02,    6.28166710000000e+01,    2.22250350000000e+01,    1.10609650000000e+01,    6.72256800000000e+00,    4.61676300000000e+00,    3.43602800000000e+00,    2.70380200000000e+00,    2.21454000000000e+00,    1.86826500000000e+00,    1.61177100000000e+00,    1.25865200000000e+00,    1.02726100000000e+00,    8.63693000000000e-01,    7.41806000000000e-01,    6.47480000000000e-01,    4.84921000000000e-01,    3.82313000000000e-01,    2.62013000000000e-01,    1.94713000000000e-01,    1.10805000000000e-01,    7.17200000000000e-02],  #  11 Na
        [   7.56666810000000e+01,    6.86955210000000e+01,    5.39153050000000e+01,    2.92692840000000e+01,    1.68382330000000e+01,    1.06997010000000e+01,    7.37931600000000e+00,    5.41684700000000e+00,    4.17021100000000e+00,    3.33149200000000e+00,    2.74054600000000e+00,    2.30815200000000e+00,    1.72854000000000e+00,    1.36536800000000e+00,    1.12012100000000e+00,    9.44726000000000e-01,    8.13518000000000e-01,    5.95916000000000e-01,    4.62629000000000e-01,    3.07942000000000e-01,    2.21999000000000e-01,    1.18858000000000e-01,    7.45220000000000e-02],  #  12 Mg
        [   6.08923430000000e+01,    5.63100140000000e+01,    4.67886820000000e+01,    2.95825800000000e+01,    1.89999900000000e+01,    1.28554770000000e+01,    9.16537200000000e+00,    6.83511700000000e+00,    5.29019700000000e+00,    4.22118800000000e+00,    3.45397700000000e+00,    2.88602100000000e+00,    2.11861900000000e+00,    1.63766400000000e+00,    1.31578200000000e+00,    1.08900100000000e+00,    9.22495000000000e-01,    6.55671000000000e-01,    5.00295000000000e-01,    3.29221000000000e-01,    2.37792000000000e-01,    1.28642000000000e-01,    8.07650000000000e-02],  #  13 Al
        [   3.89490650000000e+01,    3.75127500000000e+01,    3.39244170000000e+01,    2.51761170000000e+01,    1.80845250000000e+01,    1.31765080000000e+01,    9.86167000000000e+00,    7.59170600000000e+00,    5.99824200000000e+00,    4.84934000000000e+00,    3.99953100000000e+00,    3.35611600000000e+00,    2.46688400000000e+00,    1.89821900000000e+00,    1.51346200000000e+00,    1.24110200000000e+00,    1.04106700000000e+00,    7.22600000000000e-01,    5.40556000000000e-01,    3.46553000000000e-01,    2.47176000000000e-01,    1.33261000000000e-01,    8.45050000000000e-02],  #  14 Si
        [   2.59470070000000e+01,    2.54290340000000e+01,    2.40216260000000e+01,    1.98723550000000e+01,    1.56749860000000e+01,    1.22514680000000e+01,    9.65166500000000e+00,    7.71296900000000e+00,    6.26285300000000e+00,    5.16567000000000e+00,    4.32339800000000e+00,    3.66693300000000e+00,    2.73115700000000e+00,    2.11442600000000e+00,    1.68882900000000e+00,    1.38359000000000e+00,    1.15748000000000e+00,    7.94987000000000e-01,    5.87534000000000e-01,    3.68761000000000e-01,    2.59274000000000e-01,    1.37872000000000e-01,    8.75080000000000e-02],  #  15 P 
        [   1.96135110000000e+01,    1.93396950000000e+01,    1.85777950000000e+01,    1.61740460000000e+01,    1.34828010000000e+01,    1.10662650000000e+01,    9.07644200000000e+00,    7.49185000000000e+00,    6.24199200000000e+00,    5.25468100000000e+00,    4.46958500000000e+00,    3.83971900000000e+00,    2.91197500000000e+00,    2.27960600000000e+00,    1.83280500000000e+00,    1.50693100000000e+00,    1.26259400000000e+00,    8.65866000000000e-01,    6.36480000000000e-01,    3.94016000000000e-01,    2.73614000000000e-01,    1.42940000000000e-01,    9.02880000000000e-02],  #  16 S 
        [   1.46510610000000e+01,    1.45166850000000e+01,    1.41329320000000e+01,    1.28305660000000e+01,    1.12118050000000e+01,    9.61104600000000e+00,    8.18172600000000e+00,    6.96587200000000e+00,    5.95419400000000e+00,    5.11935000000000e+00,    4.43107300000000e+00,    3.86193900000000e+00,    2.99351500000000e+00,    2.37889500000000e+00,    1.93244700000000e+00,    1.60004400000000e+00,    1.34690400000000e+00,    9.28616000000000e-01,    6.82769000000000e-01,    4.20290000000000e-01,    2.89583000000000e-01,    1.48974000000000e-01,    9.34510000000000e-02],  #  17 Cl
        [   1.11080370000000e+01,    1.10394140000000e+01,    1.08402330000000e+01,    1.01295640000000e+01,    9.17337000000000e+00,    8.14874700000000e+00,    7.16548200000000e+00,    6.27576300000000e+00,    5.49600600000000e+00,    4.82400800000000e+00,    4.24944600000000e+00,    3.75948600000000e+00,    2.98395600000000e+00,    2.41282400000000e+00,    1.98521700000000e+00,    1.65931000000000e+00,    1.40654400000000e+00,    9.79774000000000e-01,    7.23518000000000e-01,    4.45684000000000e-01,    3.06022000000000e-01,    1.55748000000000e-01,    9.70350000000000e-02],  #  18 Ar
        [   3.66617327000000e+02,    1.95240726000000e+02,    8.38654450000000e+01,    2.88051330000000e+01,    1.59216120000000e+01,    1.09496410000000e+01,    8.40358000000000e+00,    6.84316000000000e+00,    5.76666800000000e+00,    4.96403800000000e+00,    4.33444400000000e+00,    3.82376200000000e+00,    3.04279100000000e+00,    2.47565500000000e+00,    2.04945700000000e+00,    1.72141300000000e+00,    1.46410500000000e+00,    1.02220300000000e+00,    7.51686000000000e-01,    4.54431000000000e-01,    3.04549000000000e-01,    1.45801000000000e-01,    8.62690000000000e-02],  #  19 K 
        [   1.67333120000000e+02,    1.38735082000000e+02,    9.23660100000000e+01,    4.10298690000000e+01,    2.25025050000000e+01,    1.45451620000000e+01,    1.04632190000000e+01,    8.07237600000000e+00,    6.52670800000000e+00,    5.45001800000000e+00,    4.65619400000000e+00,    4.04504800000000e+00,    3.16189500000000e+00,    2.55249700000000e+00,    2.10735500000000e+00,    1.76981400000000e+00,    1.50697100000000e+00,    1.05693900000000e+00,    7.80721000000000e-01,    4.75018000000000e-01,    3.19568000000000e-01,    1.53813000000000e-01,    9.14010000000000e-02],  #  20 Ca
        [   1.25679905000000e+02,    1.08314439000000e+02,    7.72929700000000e+01,    3.71320260000000e+01,    2.07670580000000e+01,    1.34119080000000e+01,    9.58113500000000e+00,    7.33530900000000e+00,    5.89310800000000e+00,    4.89899500000000e+00,    4.17454400000000e+00,    3.62291800000000e+00,    2.83578800000000e+00,    2.29845300000000e+00,    1.90741300000000e+00,    1.61064000000000e+00,    1.37874700000000e+00,    9.78477000000000e-01,    7.29628000000000e-01,    4.49933000000000e-01,    3.05279000000000e-01,    1.48484000000000e-01,    8.86520000000000e-02],  #  21 Sc
        [   1.14724364000000e+02,    9.97786920000000e+01,    7.33046090000000e+01,    3.75872700000000e+01,    2.20065650000000e+01,    1.46330060000000e+01,    1.06399730000000e+01,    8.22787200000000e+00,    6.64410900000000e+00,    5.53560200000000e+00,    4.72020800000000e+00,    4.09647100000000e+00,    3.20585000000000e+00,    2.60046000000000e+00,    2.16237700000000e+00,    1.83130700000000e+00,    1.57315300000000e+00,    1.12714000000000e+00,    8.48046000000000e-01,    5.30392000000000e-01,    3.63333000000000e-01,    1.78704000000000e-01,    1.06889000000000e-01],  #  22 Ti
        [   1.00991061000000e+02,    8.86597800000000e+01,    6.66115730000000e+01,    3.55163660000000e+01,    2.12160720000000e+01,    1.42442310000000e+01,    1.04067670000000e+01,    8.06782700000000e+00,    6.52487000000000e+00,    5.44255800000000e+00,    4.64584900000000e+00,    4.03644500000000e+00,    3.16696100000000e+00,    2.57673600000000e+00,    2.15007700000000e+00,    1.82776100000000e+00,    1.57631400000000e+00,    1.14067900000000e+00,    8.66090000000000e-01,    5.49443000000000e-01,    3.79977000000000e-01,    1.89162000000000e-01,    1.13662000000000e-01],  #  23 V 
        [   8.14204420000000e+01,    7.03861320000000e+01,    5.10334860000000e+01,    2.66035920000000e+01,    1.64401450000000e+01,    1.15586160000000e+01,    8.79566200000000e+00,    7.04043900000000e+00,    5.83447500000000e+00,    4.95845200000000e+00,    4.29489900000000e+00,    3.77549000000000e+00,    3.01503100000000e+00,    2.48474900000000e+00,    2.09373500000000e+00,    1.79381900000000e+00,    1.55705200000000e+00,    1.14096500000000e+00,    8.74779000000000e-01,    5.63401000000000e-01,    3.93951000000000e-01,    1.99185000000000e-01,    1.20434000000000e-01],  #  24 Cr
        [   8.21201120000000e+01,    7.30648270000000e+01,    5.65578050000000e+01,    3.18457630000000e+01,    1.95848590000000e+01,    1.33420540000000e+01,    9.81973300000000e+00,    7.64161200000000e+00,    6.19316200000000e+00,    5.17339800000000e+00,    4.42219500000000e+00,    3.84826300000000e+00,    3.03201600000000e+00,    2.48034300000000e+00,    2.08247500000000e+00,    1.78186500000000e+00,    1.54685200000000e+00,    1.13710800000000e+00,    8.75749000000000e-01,    5.68843000000000e-01,    4.00345000000000e-01,    2.04123000000000e-01,    1.23665000000000e-01],  #  25 Mn
        [   6.51578920000000e+01,    5.74961000000000e+01,    4.33419800000000e+01,    2.38760970000000e+01,    1.51156130000000e+01,    1.07673250000000e+01,    8.27135400000000e+00,    6.66860500000000e+00,    5.55504300000000e+00,    4.73758400000000e+00,    4.11318700000000e+00,    3.62171900000000e+00,    2.89995800000000e+00,    2.39730900000000e+00,    2.02804800000000e+00,    1.74566200000000e+00,    1.52297300000000e+00,    1.13059900000000e+00,    8.77305000000000e-01,    5.76370000000000e-01,    4.09227000000000e-01,    2.11859000000000e-01,    1.29411000000000e-01],  #  26 Fe
        [   6.07910330000000e+01,    5.62385650000000e+01,    4.63237860000000e+01,    2.83000530000000e+01,    1.80784830000000e+01,    1.25506200000000e+01,    9.33295200000000e+00,    7.30603800000000e+00,    5.94163900000000e+00,    4.97294500000000e+00,    4.25527900000000e+00,    3.70505000000000e+00,    2.92124000000000e+00,    2.39257700000000e+00,    2.01312100000000e+00,    1.72786300000000e+00,    1.50570100000000e+00,    1.11912900000000e+00,    8.71549000000000e-01,    5.77190000000000e-01,    4.12665000000000e-01,    2.16447000000000e-01,    1.33319000000000e-01],  #  27 Co
        [   6.51471670000000e+01,    5.97497700000000e+01,    4.84286590000000e+01,    2.85849020000000e+01,    1.78269450000000e+01,    1.21955640000000e+01,    8.98660600000000e+00,    6.99426900000000e+00,    5.66753100000000e+00,    4.73357700000000e+00,    4.04637700000000e+00,    3.52237000000000e+00,    2.78014900000000e+00,    2.28208400000000e+00,    1.92562200000000e+00,    1.65807000000000e+00,    1.44982800000000e+00,    1.08715000000000e+00,    8.53784000000000e-01,    5.73310000000000e-01,    4.14084000000000e-01,    2.20813000000000e-01,    1.37377000000000e-01],  #  28 Ni
        [   5.17659850000000e+01,    4.64291690000000e+01,    3.60204980000000e+01,    2.05952700000000e+01,    1.32155350000000e+01,    9.45907400000000e+00,    7.29601200000000e+00,    5.91457500000000e+00,    4.95930200000000e+00,    4.25831300000000e+00,    3.72082200000000e+00,    3.29501000000000e+00,    2.66292900000000e+00,    2.21718600000000e+00,    1.88718900000000e+00,    1.63387400000000e+00,    1.43378100000000e+00,    1.08048600000000e+00,    8.50958000000000e-01,    5.73910000000000e-01,    4.16221000000000e-01,    2.23936000000000e-01,    1.40169000000000e-01],  #  29 Cu
        [   4.48764280000000e+01,    4.24015380000000e+01,    3.65011020000000e+01,    2.40580460000000e+01,    1.59961690000000e+01,    1.13275720000000e+01,    8.51259800000000e+00,    6.70501100000000e+00,    5.47505100000000e+00,    4.59628000000000e+00,    3.94260600000000e+00,    3.43996900000000e+00,    2.72160700000000e+00,    2.23550200000000e+00,    1.88609700000000e+00,    1.62355200000000e+00,    1.41945600000000e+00,    1.06572100000000e+00,    8.39896000000000e-01,    5.69878000000000e-01,    4.16179000000000e-01,    2.27177000000000e-01,    1.43800000000000e-01],  #  30 Zn
        [   5.62798430000000e+01,    5.19167870000000e+01,    4.32310870000000e+01,    2.81416200000000e+01,    1.88462820000000e+01,    1.32994650000000e+01,    9.86004500000000e+00,    7.61939800000000e+00,    6.08946200000000e+00,    5.00076400000000e+00,    4.19818200000000e+00,    3.58847600000000e+00,    2.73474400000000e+00,    2.17388400000000e+00,    1.78181100000000e+00,    1.49440900000000e+00,    1.27581200000000e+00,    9.08619000000000e-01,    6.83973000000000e-01,    4.30069000000000e-01,    2.95904000000000e-01,    1.45899000000000e-01,    8.67970000000000e-02],  #  31 Ga
        [   4.16184280000000e+01,    3.99833160000000e+01,    3.59872960000000e+01,    2.66103970000000e+01,    1.92286830000000e+01,    1.41743150000000e+01,    1.07638470000000e+01,    8.41795000000000e+00,    6.75879600000000e+00,    5.55148200000000e+00,    4.64931800000000e+00,    3.95882700000000e+00,    2.98875600000000e+00,    2.35350800000000e+00,    1.91313900000000e+00,    1.59373600000000e+00,    1.35348100000000e+00,    9.56617000000000e-01,    7.18490000000000e-01,    4.52963000000000e-01,    3.13250000000000e-01,    1.56123000000000e-01,    9.35260000000000e-02],  #  32 Ge
        [   3.09622720000000e+01,    3.02682480000000e+01,    2.84117290000000e+01,    2.31419060000000e+01,    1.80459760000000e+01,    1.40238200000000e+01,    1.10354630000000e+01,    8.83746300000000e+00,    7.20650300000000e+00,    5.97746000000000e+00,    5.03520700000000e+00,    4.30040400000000e+00,    3.24961900000000e+00,    2.55212000000000e+00,    2.06624000000000e+00,    1.71393000000000e+00,    1.44979100000000e+00,    1.01720000000000e+00,    7.61236000000000e-01,    4.79810000000000e-01,    3.32960000000000e-01,    1.67380000000000e-01,    1.00787000000000e-01],  #  33 As
        [   2.57234860000000e+01,    2.52967560000000e+01,    2.41266960000000e+01,    2.05754680000000e+01,    1.68021780000000e+01,    1.35652820000000e+01,    1.09952140000000e+01,    9.00463900000000e+00,    7.46670800000000e+00,    6.27013900000000e+00,    5.32908600000000e+00,    4.58007400000000e+00,    3.48494800000000e+00,    2.74246500000000e+00,    2.21860000000000e+00,    1.83606600000000e+00,    1.54837500000000e+00,    1.07751800000000e+00,    8.00872000000000e-01,    5.00784000000000e-01,    3.46626000000000e-01,    1.74616000000000e-01,    1.05570000000000e-01],  #  34 Se
        [   2.08160780000000e+01,    2.05760200000000e+01,    1.98987130000000e+01,    1.76813900000000e+01,    1.50736970000000e+01,    1.26318500000000e+01,    1.05528970000000e+01,    8.85248100000000e+00,    7.48129000000000e+00,    6.37741600000000e+00,    5.48489400000000e+00,    4.75815300000000e+00,    3.66763600000000e+00,    2.90823700000000e+00,    2.36241000000000e+00,    1.95875100000000e+00,    1.65260300000000e+00,    1.14794600000000e+00,    8.50671000000000e-01,    5.29731000000000e-01,    3.66379000000000e-01,    1.85432000000000e-01,    1.12745000000000e-01],  #  35 Br
        [   1.68771250000000e+01,    1.67404080000000e+01,    1.63473440000000e+01,    1.49868570000000e+01,    1.32465280000000e+01,    1.14802080000000e+01,    9.86979900000000e+00,    8.47732400000000e+00,    7.30350500000000e+00,    6.32437400000000e+00,    5.50960500000000e+00,    4.83026600000000e+00,    3.78251300000000e+00,    3.03136600000000e+00,    2.47978000000000e+00,    2.06532800000000e+00,    1.74727600000000e+00,    1.21644100000000e+00,    9.00720000000000e-01,    5.59163000000000e-01,    3.86125000000000e-01,    1.95908000000000e-01,    1.19708000000000e-01],  #  36 Kr
        [   4.10157065000000e+02,    2.14362942000000e+02,    9.22189500000000e+01,    3.30762760000000e+01,    1.91702550000000e+01,    1.36453490000000e+01,    1.06953320000000e+01,    8.81150100000000e+00,    7.46995300000000e+00,    6.44873800000000e+00,    5.63812400000000e+00,    4.97666300000000e+00,    3.96199600000000e+00,    3.22444600000000e+00,    2.66975100000000e+00,    2.24210500000000e+00,    1.90591700000000e+00,    1.32629000000000e+00,    9.69886000000000e-01,    5.77583000000000e-01,    3.80457000000000e-01,    1.74357000000000e-01,    9.92380000000000e-02],  #  37 Rb
        [   2.07095983000000e+02,    1.67406264000000e+02,    1.07539519000000e+02,    4.68864590000000e+01,    2.62027860000000e+01,    1.74151700000000e+01,    1.28603380000000e+01,    1.01317340000000e+01,    8.31698100000000e+00,    7.01560000000000e+00,    6.03054500000000e+00,    5.25541100000000e+00,    4.10954200000000e+00,    3.30419000000000e+00,    2.71155600000000e+00,    2.26172600000000e+00,    1.91230400000000e+00,    1.31856100000000e+00,    9.58995000000000e-01,    5.67999000000000e-01,    3.73306000000000e-01,    1.70832000000000e-01,    9.72390000000000e-02],  #  38 Sr
        [   1.56581653000000e+02,    1.33409657000000e+02,    9.46810390000000e+01,    4.71887390000000e+01,    2.78621270000000e+01,    1.88348770000000e+01,    1.39092620000000e+01,    1.08900460000000e+01,    8.87302200000000e+00,    7.43526700000000e+00,    6.35855000000000e+00,    5.52113900000000e+00,    4.30147300000000e+00,    3.45666000000000e+00,    2.83992600000000e+00,    2.37340800000000e+00,    2.01126100000000e+00,    1.39457700000000e+00,    1.01905100000000e+00,    6.07535000000000e-01,    4.00891000000000e-01,    1.84354000000000e-01,    1.05142000000000e-01],  #  39 Y 
        [   1.29164925000000e+02,    1.12911526000000e+02,    8.42744150000000e+01,    4.52123570000000e+01,    2.76899320000000e+01,    1.90856380000000e+01,    1.42390790000000e+01,    1.12024000000000e+01,    9.14477600000000e+00,    7.66666600000000e+00,    6.55636900000000e+00,    5.69281800000000e+00,    4.43821100000000e+00,    3.57263000000000e+00,    2.94220100000000e+00,    2.46547800000000e+00,    2.09497800000000e+00,    1.46169000000000e+00,    1.07345400000000e+00,    6.44436000000000e-01,    4.27085000000000e-01,    1.97477000000000e-01,    1.12889000000000e-01],  #  40 Zr
        [   1.12586822000000e+02,    9.89946210000000e+01,    7.55219100000000e+01,    4.25430350000000e+01,    2.68101620000000e+01,    1.87904950000000e+01,    1.41713590000000e+01,    1.12319370000000e+01,    9.21659400000000e+00,    7.75567000000000e+00,    6.65086200000000e+00,    5.78748000000000e+00,    4.52792700000000e+00,    3.65640200000000e+00,    3.02062700000000e+00,    2.53908600000000e+00,    2.16406900000000e+00,    1.52024400000000e+00,    1.12262400000000e+00,    6.79094000000000e-01,    4.52131000000000e-01,    2.10232000000000e-01,    1.20456000000000e-01],  #  41 Nb
        [   8.01166370000000e+01,    7.20033490000000e+01,    5.63464510000000e+01,    3.33622730000000e+01,    2.22521730000000e+01,    1.63666450000000e+01,    1.28045350000000e+01,    1.04296810000000e+01,    8.73526800000000e+00,    7.46562600000000e+00,    6.47893400000000e+00,    5.69048600000000e+00,    4.51151600000000e+00,    3.67586500000000e+00,    3.05662100000000e+00,    2.58261000000000e+00,    2.21064100000000e+00,    1.56625600000000e+00,    1.16414700000000e+00,    7.10637000000000e-01,    4.75829000000000e-01,    2.22808000000000e-01,    1.28023000000000e-01],  #  42 Mo
        [   9.29387160000000e+01,    8.19452450000000e+01,    6.33698580000000e+01,    3.73296730000000e+01,    2.43564850000000e+01,    1.74779390000000e+01,    1.34110250000000e+01,    1.07755340000000e+01,    8.94297900000000e+00,    7.59866000000000e+00,    6.57120300000000e+00,    5.76050700000000e+00,    4.56317000000000e+00,    3.72271100000000e+00,    3.10245200000000e+00,    2.62813700000000e+00,    2.25567600000000e+00,    1.60850800000000e+00,    1.20228900000000e+00,    7.40278000000000e-01,    4.98615000000000e-01,    2.35388000000000e-01,    1.35759000000000e-01],  #  43 Tc
        [   6.42873650000000e+01,    5.82984130000000e+01,    4.66241190000000e+01,    2.89081460000000e+01,    1.98860070000000e+01,    1.49414970000000e+01,    1.18820490000000e+01,    9.80673700000000e+00,    8.30509100000000e+00,    7.16690300000000e+00,    6.27368600000000e+00,    5.55360600000000e+00,    4.46385600000000e+00,    3.67925100000000e+00,    3.08944800000000e+00,    2.63222600000000e+00,    2.26948200000000e+00,    1.63170900000000e+00,    1.22667300000000e+00,    7.61368000000000e-01,    5.15611000000000e-01,    2.45321000000000e-01,    1.42030000000000e-01],  #  44 Ru
        [   6.81542450000000e+01,    6.29960050000000e+01,    5.20807400000000e+01,    3.29144330000000e+01,    2.21117060000000e+01,    1.61257920000000e+01,    1.25115460000000e+01,    1.01406800000000e+01,    8.47880700000000e+00,    7.25251500000000e+00,    6.31084900000000e+00,    5.56475900000000e+00,    4.45639700000000e+00,    3.67174000000000e+00,    3.08731400000000e+00,    2.63616200000000e+00,    2.27861500000000e+00,    1.64868700000000e+00,    1.24626500000000e+00,    7.79926000000000e-01,    5.31143000000000e-01,    2.54701000000000e-01,    1.48012000000000e-01],  #  45 Rh
        [   6.08864630000000e+01,    5.68478940000000e+01,    4.78540600000000e+01,    3.09841900000000e+01,    2.10472500000000e+01,    1.54485530000000e+01,    1.20425860000000e+01,    9.79846900000000e+00,    8.22043200000000e+00,    7.05298900000000e+00,    6.15453100000000e+00,    5.44129600000000e+00,    4.37911500000000e+00,    3.62471200000000e+00,    3.06090200000000e+00,    2.62403100000000e+00,    2.27641500000000e+00,    1.65983800000000e+00,    1.26224900000000e+00,    7.96723000000000e-01,    5.45738000000000e-01,    2.63964000000000e-01,    1.54104000000000e-01],  #  46 Pd
        [   5.41989880000000e+01,    4.90489660000000e+01,    3.89829400000000e+01,    2.39821320000000e+01,    1.66050290000000e+01,    1.26373760000000e+01,    1.01995360000000e+01,    8.54373700000000e+00,    7.33660700000000e+00,    6.41165500000000e+00,    5.67721200000000e+00,    5.07846900000000e+00,    4.15926900000000e+00,    3.48605300000000e+00,    2.97201700000000e+00,    2.56737300000000e+00,    2.24140100000000e+00,    1.65407700000000e+00,    1.26859700000000e+00,    8.09553000000000e-01,    5.58150000000000e-01,    2.72162000000000e-01,    1.59464000000000e-01],  #  47 Ag
        [   5.12430300000000e+01,    4.83502990000000e+01,    4.15746300000000e+01,    2.77890000000000e+01,    1.91321820000000e+01,    1.41382230000000e+01,    1.10784560000000e+01,    9.05878000000000e+00,    7.63783100000000e+00,    6.58590300000000e+00,    5.77533700000000e+00,    5.13071200000000e+00,    4.16751600000000e+00,    3.47985900000000e+00,    2.96302600000000e+00,    2.56009200000000e+00,    2.23732900000000e+00,    1.65787500000000e+00,    1.27729600000000e+00,    8.21518000000000e-01,    5.69810000000000e-01,    2.80660000000000e-01,    1.65459000000000e-01],  #  48 Cd
        [   7.29150960000000e+01,    6.60753600000000e+01,    5.33578280000000e+01,    3.35644110000000e+01,    2.24687340000000e+01,    1.61472430000000e+01,    1.23105260000000e+01,    9.82457900000000e+00,    8.11739400000000e+00,    6.88605600000000e+00,    5.96108400000000e+00,    5.24254000000000e+00,    4.19959900000000e+00,    3.47789100000000e+00,    2.94725400000000e+00,    2.53980300000000e+00,    2.21683900000000e+00,    1.64307100000000e+00,    1.26903700000000e+00,    8.21496000000000e-01,    5.72970000000000e-01,    2.84411000000000e-01,    1.68182000000000e-01],  #  49 In
        [   5.73040270000000e+01,    5.44476260000000e+01,    4.77957070000000e+01,    3.36841460000000e+01,    2.37376670000000e+01,    1.73960520000000e+01,    1.33024310000000e+01,    1.05620400000000e+01,    8.65256100000000e+00,    7.27081700000000e+00,    6.23660200000000e+00,    5.43930400000000e+00,    4.29886300000000e+00,    3.52664600000000e+00,    2.97010000000000e+00,    2.54978200000000e+00,    2.22089600000000e+00,    1.64468000000000e+00,    1.27287000000000e+00,    8.28859000000000e-01,    5.81241000000000e-01,    2.91260000000000e-01,    1.73220000000000e-01],  #  50 Sn
        [   4.48358450000000e+01,    4.35130560000000e+01,    4.00926450000000e+01,    3.11774780000000e+01,    2.34511520000000e+01,    1.78471750000000e+01,    1.39239600000000e+01,    1.11566290000000e+01,    9.16275000000000e+00,    7.68987300000000e+00,    6.57446800000000e+00,    5.70983800000000e+00,    4.47254600000000e+00,    3.64044700000000e+00,    3.04723700000000e+00,    2.60441900000000e+00,    2.26163500000000e+00,    1.66934600000000e+00,    1.29207000000000e+00,    8.44220000000000e-01,    5.94297000000000e-01,    2.99911000000000e-01,    1.79120000000000e-01],  #  51 Sb
        [   3.87558670000000e+01,    3.78891050000000e+01,    3.55765770000000e+01,    2.90541470000000e+01,    2.27985480000000e+01,    1.78842260000000e+01,    1.42354170000000e+01,    1.15477160000000e+01,    9.54863700000000e+00,    8.03755800000000e+00,    6.87454200000000e+00,    5.96311300000000e+00,    4.64774800000000e+00,    3.76039700000000e+00,    3.12993900000000e+00,    2.66244900000000e+00,    2.30343600000000e+00,    1.69100600000000e+00,    1.30674600000000e+00,    8.55446000000000e-01,    6.04504000000000e-01,    3.07588000000000e-01,    1.84646000000000e-01],  #  52 Te
        [   3.25364480000000e+01,    3.20135530000000e+01,    3.05701660000000e+01,    2.61371840000000e+01,    2.14024280000000e+01,    1.73505230000000e+01,    1.41439250000000e+01,    1.16664030000000e+01,    9.75575000000000e+00,    8.27122400000000e+00,    7.10460100000000e+00,    6.17598500000000e+00,    4.81539000000000e+00,    3.88671000000000e+00,    3.22413900000000e+00,    2.73306200000000e+00,    2.35710700000000e+00,    1.72069900000000e+00,    1.32603500000000e+00,    8.67499000000000e-01,    6.14098000000000e-01,    3.14104000000000e-01,    1.89286000000000e-01],  #  53 I 
        [   2.73277050000000e+01,    2.70110760000000e+01,    2.61157860000000e+01,    2.31734500000000e+01,    1.97140260000000e+01,    1.64952160000000e+01,    1.37782840000000e+01,    1.15745650000000e+01,    9.81069500000000e+00,    8.39986600000000e+00,    7.26542600000000e+00,    6.34582400000000e+00,    4.97184400000000e+00,    4.01692100000000e+00,    3.32862500000000e+00,    2.81598600000000e+00,    2.42300900000000e+00,    1.75954700000000e+00,    1.35132700000000e+00,    8.81958000000000e-01,    6.24687000000000e-01,    3.20697000000000e-01,    1.93838000000000e-01],  #  54 Xe
        [   5.37089754000000e+02,    2.51203112000000e+02,    1.04671685000000e+02,    4.01908390000000e+01,    2.49381150000000e+01,    1.83967650000000e+01,    1.45779860000000e+01,    1.19651660000000e+01,    1.00264350000000e+01,    8.52341700000000e+00,    7.32702900000000e+00,    6.35743600000000e+00,    4.89904300000000e+00,    3.87425900000000e+00,    3.13018400000000e+00,    2.57515100000000e+00,    2.15154400000000e+00,    1.45013000000000e+00,    1.03843900000000e+00,    6.03657000000000e-01,    3.92712000000000e-01,    1.77663000000000e-01,    1.00685000000000e-01],  #  55 Cs
        [   2.88240883000000e+02,    2.20124081000000e+02,    1.31490276000000e+02,    5.52586600000000e+01,    3.15893280000000e+01,    2.16257080000000e+01,    1.63339130000000e+01,    1.30455460000000e+01,    1.07783530000000e+01,    9.10509600000000e+00,    7.81333700000000e+00,    6.78506200000000e+00,    5.25660000000000e+00,    4.18638000000000e+00,    3.40653300000000e+00,    2.82115400000000e+00,    2.37119000000000e+00,    1.61745600000000e+00,    1.16820800000000e+00,    6.86284000000000e-01,    4.49036000000000e-01,    2.04432000000000e-01,    1.16151000000000e-01],  #  56 Ba
        [   2.15814022000000e+02,    1.76844927000000e+02,    1.18315876000000e+02,    5.65506640000000e+01,    3.37025040000000e+01,    2.32152200000000e+01,    1.74335570000000e+01,    1.38111350000000e+01,    1.13289880000000e+01,    9.51733000000000e+00,    8.13430900000000e+00,    7.04370200000000e+00,    5.43821400000000e+00,    4.32310500000000e+00,    3.51394700000000e+00,    2.90796400000000e+00,    2.44282100000000e+00,    1.66480900000000e+00,    1.20177400000000e+00,    7.05655000000000e-01,    4.61628000000000e-01,    2.10118000000000e-01,    1.19325000000000e-01],  #  57 La
        [   0.00000000000000e+00,    0.00000000000000e+00,    0.00000000000000e+00,    0.00000000000000e+00,    0.00000000000000e+00,    0.00000000000000e+00,    0.00000000000000e+00,    0.00000000000000e+00,    0.00000000000000e+00,    0.00000000000000e+00,    0.00000000000000e+00,    0.00000000000000e+00,    0.00000000000000e+00,    0.00000000000000e+00,    0.00000000000000e+00,    0.00000000000000e+00,    0.00000000000000e+00,    0.00000000000000e+00,    0.00000000000000e+00,    0.00000000000000e+00,    0.00000000000000e+00,    0.00000000000000e+00,    0.00000000000000e+00],  #  58 Ce
        [   2.53607583000000e+02,    1.85347808000000e+02,    1.17313120000000e+02,    5.14986990000000e+01,    2.95194860000000e+01,    2.01469030000000e+01,    1.52121030000000e+01,    1.21925180000000e+01,    1.01406100000000e+01,    8.64175500000000e+00,    7.49101000000000e+00,    6.57628200000000e+00,    5.21196200000000e+00,    4.24696600000000e+00,    3.53458000000000e+00,    2.99242200000000e+00,    2.56990900000000e+00,    1.84614800000000e+00,    1.39982200000000e+00,    8.96355000000000e-01,    6.29215000000000e-01,    3.22538000000000e-01,    1.96051000000000e-01],  #  59 Pr
        [   2.24576218000000e+02,    1.79268440000000e+02,    1.14550986000000e+02,    5.07711900000000e+01,    2.90959830000000e+01,    1.98086410000000e+01,    1.49251210000000e+01,    1.19483050000000e+01,    9.93387400000000e+00,    8.46736000000000e+00,    7.34394000000000e+00,    6.45192800000000e+00,    5.12153500000000e+00,    4.17902200000000e+00,    3.48147700000000e+00,    2.94918400000000e+00,    2.53332900000000e+00,    1.81871500000000e+00,    1.37683500000000e+00,    8.78329000000000e-01,    6.14662000000000e-01,    3.13830000000000e-01,    1.90548000000000e-01],  #  60 Nd
        [   2.16554028000000e+02,    1.74068560000000e+02,    1.12065720000000e+02,    4.99521540000000e+01,    2.85964740000000e+01,    1.94194800000000e+01,    1.46027420000000e+01,    1.16781260000000e+01,    9.70729400000000e+00,    8.27738400000000e+00,    7.18443500000000e+00,    6.31755700000000e+00,    5.02455500000000e+00,    4.10684500000000e+00,    3.42575300000000e+00,    2.90446600000000e+00,    2.49607800000000e+00,    1.79172900000000e+00,    1.35468300000000e+00,    8.61084000000000e-01,    6.00580000000000e-01,    3.05096000000000e-01,    1.84887000000000e-01],  #  61 Pm
        [   2.09482163000000e+02,    1.69326427000000e+02,    1.09749627000000e+02,    4.91677750000000e+01,    2.81221600000000e+01,    1.90508730000000e+01,    1.42954700000000e+01,    1.14178440000000e+01,    9.48623200000000e+00,    8.08952000000000e+00,    7.02453300000000e+00,    6.18102600000000e+00,    4.92349400000000e+00,    4.02998900000000e+00,    3.36542400000000e+00,    2.85552400000000e+00,    2.45509800000000e+00,    1.76220600000000e+00,    1.33086200000000e+00,    8.43075000000000e-01,    5.86070000000000e-01,    2.96116000000000e-01,    1.79013000000000e-01],  #  62 Sm
        [   2.03211190000000e+02,    1.65077409000000e+02,    1.07694135000000e+02,    4.84835280000000e+01,    2.77173710000000e+01,    1.87379040000000e+01,    1.40329820000000e+01,    1.11932480000000e+01,    9.29334700000000e+00,    7.92376800000000e+00,    6.88192600000000e+00,    6.05800600000000e+00,    4.83071400000000e+00,    3.95829100000000e+00,    3.30841000000000e+00,    2.80882100000000e+00,    2.41573500000000e+00,    1.73369900000000e+00,    1.30794300000000e+00,    8.25945000000000e-01,    5.72379000000000e-01,    2.87715000000000e-01,    1.73530000000000e-01],  #  63 Eu
        [   1.41842064000000e+02,    1.16857104000000e+02,    8.24531150000000e+01,    4.28638860000000e+01,    2.64230410000000e+01,    1.85963810000000e+01,    1.42465310000000e+01,    1.15139220000000e+01,    9.63325200000000e+00,    8.25009800000000e+00,    7.18309000000000e+00,    6.33112900000000e+00,    5.05146100000000e+00,    4.13673000000000e+00,    3.45418200000000e+00,    2.92950500000000e+00,    2.51698900000000e+00,    1.80237700000000e+00,    1.35725700000000e+00,    8.54586000000000e-01,    5.90978000000000e-01,    2.96218000000000e-01,    1.78451000000000e-01],  #  64 Gd
        [   2.29301596000000e+02,    1.48757206000000e+02,    8.38992590000000e+01,    3.77525280000000e+01,    2.30411680000000e+01,    1.64030610000000e+01,    1.27361960000000e+01,    1.04183080000000e+01,    8.80725100000000e+00,    7.60955400000000e+00,    6.67573100000000e+00,    5.92255000000000e+00,    4.77603100000000e+00,    3.94318200000000e+00,    3.31330000000000e+00,    2.82364900000000e+00,    2.43507800000000e+00,    1.75400700000000e+00,    1.32456900000000e+00,    8.35127000000000e-01,    5.77030000000000e-01,    2.88271000000000e-01,    1.73283000000000e-01],  #  65 Tb
        [   2.32465673000000e+02,    1.35183600000000e+02,    8.01286950000000e+01,    3.77486970000000e+01,    2.32434510000000e+01,    1.65330840000000e+01,    1.27969630000000e+01,    1.04341740000000e+01,    8.79664700000000e+00,    7.58424800000000e+00,    6.64286600000000e+00,    5.88634500000000e+00,    4.73935800000000e+00,    3.90914100000000e+00,    3.28244100000000e+00,    2.79571500000000e+00,    2.40962300000000e+00,    1.73302200000000e+00,    1.30647200000000e+00,    8.20768000000000e-01,    5.65311000000000e-01,    2.80990000000000e-01,    1.68537000000000e-01],  #  66 Dy
        [   1.74357971000000e+02,    1.45347573000000e+02,    9.83386140000000e+01,    4.56653390000000e+01,    2.61535730000000e+01,    1.75697070000000e+01,    1.30686310000000e+01,    1.03734350000000e+01,    8.59091500000000e+00,    7.32063600000000e+00,    6.36334500000000e+00,    5.61117500000000e+00,    4.49540000000000e+00,    3.70146200000000e+00,    3.10663800000000e+00,    2.64584800000000e+00,    2.28037500000000e+00,    1.63871500000000e+00,    1.23293700000000e+00,    7.70103000000000e-01,    5.27188000000000e-01,    2.59120000000000e-01,    1.54548000000000e-01],  #  67 Ho
        [   1.69508670000000e+02,    1.41831130000000e+02,    9.64854630000000e+01,    4.49898390000000e+01,    2.57372660000000e+01,    1.72457070000000e+01,    1.27960440000000e+01,    1.01383860000000e+01,    8.38671100000000e+00,    7.14280300000000e+00,    6.20826100000000e+00,    5.47568300000000e+00,    4.39108000000000e+00,    3.61982100000000e+00,    3.04145100000000e+00,    2.59265800000000e+00,    2.23601600000000e+00,    1.60797100000000e+00,    1.20938600000000e+00,    7.53586000000000e-01,    5.14264000000000e-01,    2.51088000000000e-01,    1.49174000000000e-01],  #  68 Er
        [   1.64874479000000e+02,    1.38503417000000e+02,    9.47797640000000e+01,    4.44385580000000e+01,    2.54312120000000e+01,    1.70158970000000e+01,    1.26028120000000e+01,    9.96976100000000e+00,    8.23785800000000e+00,    7.01094500000000e+00,    6.09128300000000e+00,    5.37175000000000e+00,    4.30843700000000e+00,    3.55316700000000e+00,    2.98672700000000e+00,    2.54685000000000e+00,    2.19692700000000e+00,    1.57962000000000e+00,    1.18703700000000e+00,    7.37597000000000e-01,    5.01822000000000e-01,    2.43644000000000e-01,    1.44367000000000e-01],  #  69 Tm
        [   1.63737907000000e+02,    1.37401600000000e+02,    9.38094750000000e+01,    4.37828040000000e+01,    2.49508110000000e+01,    1.66301360000000e+01,    1.22781120000000e+01,    9.69057700000000e+00,    7.99551700000000e+00,    6.79961800000000e+00,    5.90647700000000e+00,    5.20973300000000e+00,    4.18284800000000e+00,    3.45442900000000e+00,    2.90778300000000e+00,    2.48257400000000e+00,    2.14361700000000e+00,    1.54357700000000e+00,    1.16033200000000e+00,    7.20056000000000e-01,    4.88756000000000e-01,    2.36061000000000e-01,    1.39457000000000e-01],  #  70 Yb
        [   1.36853067000000e+02,    1.04297562000000e+02,    7.65562240000000e+01,    4.02834860000000e+01,    2.41515190000000e+01,    1.64764390000000e+01,    1.23100420000000e+01,    9.77904900000000e+00,    8.09874700000000e+00,    6.90305300000000e+00,    6.00503900000000e+00,    5.30187500000000e+00,    4.26212700000000e+00,    3.52279100000000e+00,    2.96734800000000e+00,    2.53507400000000e+00,    2.19037200000000e+00,    1.57976600000000e+00,    1.18919500000000e+00,    7.39303000000000e-01,    5.02156000000000e-01,    2.42392000000000e-01,    1.43037000000000e-01],  #  71 Lu
        [   1.06281621000000e+02,    9.54891650000000e+01,    7.53034870000000e+01,    4.41393100000000e+01,    2.81355730000000e+01,    1.96843670000000e+01,    1.47522820000000e+01,    1.16120870000000e+01,    9.47172100000000e+00,    7.93305200000000e+00,    6.77927000000000e+00,    5.88432600000000e+00,    4.58937300000000e+00,    3.69990000000000e+00,    3.05367200000000e+00,    2.56536800000000e+00,    2.18566200000000e+00,    1.53481900000000e+00,    1.13342500000000e+00,    6.85922000000000e-01,    4.56814000000000e-01,    2.12349000000000e-01,    1.21565000000000e-01],  #  72 Hf
        [   8.89256120000000e+01,    8.19318660000000e+01,    6.73277280000000e+01,    4.19543150000000e+01,    2.77130410000000e+01,    1.98298060000000e+01,    1.50833980000000e+01,    1.19897820000000e+01,    9.84274900000000e+00,    8.27819600000000e+00,    7.09351900000000e+00,    6.16849800000000e+00,    4.82273000000000e+00,    3.89528500000000e+00,    3.22073800000000e+00,    2.71072100000000e+00,    2.31381100000000e+00,    1.63207000000000e+00,    1.20993400000000e+00,    7.36572000000000e-01,    4.92529000000000e-01,    2.30227000000000e-01,    1.32140000000000e-01],  #  73 Ta
        [   7.26835210000000e+01,    6.65725390000000e+01,    5.45218660000000e+01,    3.51042250000000e+01,    2.43743050000000e+01,    1.81885020000000e+01,    1.42758210000000e+01,    1.16114380000000e+01,    9.69405000000000e+00,    8.25528100000000e+00,    7.14008700000000e+00,    6.25312900000000e+00,    4.93736700000000e+00,    4.01405200000000e+00,    3.33487400000000e+00,    2.81745600000000e+00,    2.41255400000000e+00,    1.71235600000000e+00,    1.27537600000000e+00,    7.81421000000000e-01,    5.24674000000000e-01,    2.46604000000000e-01,    1.41895000000000e-01],  #  74 W 
        [   7.09067150000000e+01,    6.57037140000000e+01,    5.52189840000000e+01,    3.68309030000000e+01,    2.56365300000000e+01,    1.90080410000000e+01,    1.48342930000000e+01,    1.20225100000000e+01,    1.00181560000000e+01,    8.52435400000000e+00,    7.37162100000000e+00,    6.45726500000000e+00,    5.10347300000000e+00,    4.15443500000000e+00,    3.45646200000000e+00,    2.92461200000000e+00,    2.50819500000000e+00,    1.78696700000000e+00,    1.33540900000000e+00,    8.22419000000000e-01,    5.54132000000000e-01,    2.61705000000000e-01,    1.50927000000000e-01],  #  75 Re
        [   5.96083520000000e+01,    5.62806020000000e+01,    4.88648650000000e+01,    3.41600550000000e+01,    2.44374970000000e+01,    1.84318460000000e+01,    1.45524170000000e+01,    1.18947470000000e+01,    9.97754900000000e+00,    8.53551500000000e+00,    7.41426600000000e+00,    6.51906800000000e+00,    5.18303400000000e+00,    4.23810400000000e+00,    3.53849200000000e+00,    3.00269500000000e+00,    2.58153900000000e+00,    1.84847600000000e+00,    1.38678400000000e+00,    8.58869000000000e-01,    5.80842000000000e-01,    2.75736000000000e-01,    1.59430000000000e-01],  #  76 Os
        [   5.15493740000000e+01,    4.92234270000000e+01,    4.37106450000000e+01,    3.17225470000000e+01,    2.32089290000000e+01,    1.77566590000000e+01,    1.41614650000000e+01,    1.16653050000000e+01,    9.84689600000000e+00,    8.46843400000000e+00,    7.38947300000000e+00,    6.52295700000000e+00,    5.21995100000000e+00,    4.29010100000000e+00,    3.59658600000000e+00,    3.06230100000000e+00,    2.64031600000000e+00,    1.90130400000000e+00,    1.43258000000000e+00,    8.92678000000000e-01,    6.06114000000000e-01,    2.89262000000000e-01,    1.67658000000000e-01],  #  77 Ir
        [   4.11424820000000e+01,    3.93180510000000e+01,    3.50148090000000e+01,    2.58710280000000e+01,    1.95216660000000e+01,    1.54256100000000e+01,    1.26507620000000e+01,    1.06590770000000e+01,    9.16098700000000e+00,    7.99296200000000e+00,    7.05658500000000e+00,    6.28921900000000e+00,    5.10744900000000e+00,    4.24226100000000e+00,    3.58455400000000e+00,    3.07052100000000e+00,    2.66005600000000e+00,    1.93194200000000e+00,    1.46414100000000e+00,    9.19320000000000e-01,    6.27191000000000e-01,    3.01238000000000e-01,    1.75140000000000e-01],  #  78 Pt
        [   3.77290460000000e+01,    3.61091840000000e+01,    3.22722340000000e+01,    2.40716250000000e+01,    1.83385860000000e+01,    1.46143630000000e+01,    1.20774260000000e+01,    1.02474000000000e+01,    8.86353200000000e+00,    7.77833100000000e+00,    6.90316800000000e+00,    6.18170500000000e+00,    5.06130400000000e+00,    4.23217000000000e+00,    3.59575500000000e+00,    3.09415800000000e+00,    2.69073400000000e+00,    1.96836700000000e+00,    1.49945100000000e+00,    9.48102000000000e-01,    6.49744000000000e-01,    3.13943000000000e-01,    1.83017000000000e-01],  #  79 Au
        [   3.71668150000000e+01,    3.59903170000000e+01,    3.29876470000000e+01,    2.55237630000000e+01,    1.95407590000000e+01,    1.54358360000000e+01,    1.26124980000000e+01,    1.05949600000000e+01,    9.09278100000000e+00,    7.93340900000000e+00,    7.01166600000000e+00,    6.26092900000000e+00,    5.11084700000000e+00,    4.27070200000000e+00,    3.63066400000000e+00,    3.12809400000000e+00,    2.72441000000000e+00,    2.00091400000000e+00,    1.52954700000000e+00,    9.72200000000000e-01,    6.68634000000000e-01,    3.24657000000000e-01,    1.89663000000000e-01],  #  80 Hg
        [   7.54787320000000e+01,    6.69797680000000e+01,    5.27293310000000e+01,    3.32800020000000e+01,    2.31647510000000e+01,    1.73598020000000e+01,    1.37123950000000e+01,    1.12540670000000e+01,    9.50152100000000e+00,    8.19426400000000e+00,    7.18282600000000e+00,    6.37673200000000e+00,    5.17061000000000e+00,    4.30891400000000e+00,    3.66126000000000e+00,    3.15661100000000e+00,    2.75283000000000e+00,    2.03008800000000e+00,    1.55796600000000e+00,    9.96420000000000e-01,    6.88351000000000e-01,    3.36572000000000e-01,    1.97454000000000e-01],  #  81 Tl
        [   6.32905510000000e+01,    5.95286430000000e+01,    5.12607860000000e+01,    3.54025850000000e+01,    2.51394190000000e+01,    1.87947900000000e+01,    1.47040930000000e+01,    1.19322080000000e+01,    9.96605900000000e+00,    8.51454700000000e+00,    7.40562500000000e+00,    6.53344300000000e+00,    5.25180400000000e+00,    4.35525800000000e+00,    3.69198300000000e+00,    3.18089800000000e+00,    2.77500500000000e+00,    2.05301200000000e+00,    1.58234400000000e+00,    1.02015200000000e+00,    7.09050000000000e-01,    3.49772000000000e-01,    2.06012000000000e-01],  #  82 Pb
        [   5.11916750000000e+01,    4.94069930000000e+01,    4.49458450000000e+01,    3.41505430000000e+01,    2.55045870000000e+01,    1.95073500000000e+01,    1.53898030000000e+01,    1.24998210000000e+01,    1.04110930000000e+01,    8.85611700000000e+00,    7.66604400000000e+00,    6.73220800000000e+00,    5.37009900000000e+00,    4.42929800000000e+00,    3.74180800000000e+00,    3.21750400000000e+00,    2.80442200000000e+00,    2.07574200000000e+00,    1.60336200000000e+00,    1.03904500000000e+00,    7.25343000000000e-01,    3.60305000000000e-01,    2.12972000000000e-01],  #  83 Bi
        [   4.57354800000000e+01,    4.45177550000000e+01,    4.13554830000000e+01,    3.29793560000000e+01,    2.55092680000000e+01,    1.99242900000000e+01,    1.58977680000000e+01,    1.29790260000000e+01,    1.08242560000000e+01,    9.19845200000000e+00,    7.94452400000000e+00,    6.95705000000000e+00,    5.51674500000000e+00,    4.52715400000000e+00,    3.80978500000000e+00,    3.26723400000000e+00,    2.84296000000000e+00,    2.10141800000000e+00,    1.62452400000000e+00,    1.05638500000000e+00,    7.39915000000000e-01,    3.69568000000000e-01,    2.19067000000000e-01],  #  84 Po
        [   3.91638670000000e+01,    3.84250150000000e+01,    3.64213580000000e+01,    3.05411780000000e+01,    2.46134160000000e+01,    1.97657890000000e+01,    1.60524090000000e+01,    1.32471470000000e+01,    1.11156700000000e+01,    9.47457100000000e+00,    8.19094700000000e+00,    7.17052700000000e+00,    5.67114900000000e+00,    4.63787200000000e+00,    3.89044200000000e+00,    3.32772000000000e+00,    2.88999700000000e+00,    2.13108100000000e+00,    1.64717800000000e+00,    1.07344200000000e+00,    7.53916000000000e-01,    3.78491000000000e-01,    2.25015000000000e-01],  #  85 At
        [   3.36514050000000e+01,    3.31852420000000e+01,    3.18852830000000e+01,    2.77786920000000e+01,    2.32154680000000e+01,    1.91736050000000e+01,    1.58877090000000e+01,    1.32945880000000e+01,    1.12595530000000e+01,    9.65442000000000e+00,    8.37609000000000e+00,    7.34625100000000e+00,    5.81372400000000e+00,    4.74763600000000e+00,    3.97422400000000e+00,    3.39240700000000e+00,    2.94105500000000e+00,    2.16305400000000e+00,    1.67079000000000e+00,    1.09041100000000e+00,    7.67685000000000e-01,    3.87330000000000e-01,    2.30968000000000e-01],  #  86 Rn
        [   4.32714790000000e+02,    2.33557930000000e+02,    1.07018270000000e+02,    4.40853000000000e+01,    2.81033000000000e+01,    2.09345200000000e+01,    1.66243700000000e+01,    1.36315900000000e+01,    1.13991600000000e+01,    9.66771000000000e+00,    8.29195000000000e+00,    7.17998000000000e+00,    5.51460000000000e+00,    4.35085000000000e+00,    3.50978000000000e+00,    2.88466000000000e+00,    2.40886000000000e+00,    1.62326000000000e+00,    1.16311000000000e+00,    6.77280000000000e-01,    4.41240000000000e-01,    1.99950000000000e-01,    1.13310000000000e-01],  #  87 Fr
        [   2.64194690000000e+02,    2.08712820000000e+02,    1.31086720000000e+02,    5.85103700000000e+01,    3.45223400000000e+01,    2.40579200000000e+01,    1.83378700000000e+01,    1.47007500000000e+01,    1.21522900000000e+01,    1.02528100000000e+01,    8.77892000000000e+00,    7.60345000000000e+00,    5.85760000000000e+00,    4.64014000000000e+00,    3.75788000000000e+00,    3.09941000000000e+00,    2.59606000000000e+00,    1.75958000000000e+00,    1.26574000000000e+00,    7.40410000000000e-01,    4.83490000000000e-01,    2.19640000000000e-01,    1.24600000000000e-01],  #  88 Ra
        [   2.04401840000000e+02,    1.67213570000000e+02,    1.16697680000000e+02,    5.89801600000000e+01,    3.55482400000000e+01,    2.45444200000000e+01,    1.84663300000000e+01,    1.46614600000000e+01,    1.20557600000000e+01,    1.01553600000000e+01,    8.70674000000000e+00,    7.56712000000000e+00,    5.89647000000000e+00,    4.74234000000000e+00,    3.90760000000000e+00,    3.28264000000000e+00,    2.80160000000000e+00,    1.98810000000000e+00,    1.49118000000000e+00,    9.33350000000000e-01,    6.39980000000000e-01,    3.12280000000000e-01,    1.83660000000000e-01],  #  89 Ac
        [   1.51305490000000e+02,    1.32022430000000e+02,    1.00344620000000e+02,    5.71424100000000e+01,    3.68572000000000e+01,    2.63120900000000e+01,    2.00921500000000e+01,    1.60586100000000e+01,    1.32526600000000e+01,    1.11956600000000e+01,    9.62671000000000e+00,    8.39348000000000e+00,    6.58810000000000e+00,    5.34141000000000e+00,    4.43881000000000e+00,    3.76176000000000e+00,    3.23935000000000e+00,    2.35140000000000e+00,    1.80344000000000e+00,    1.17559000000000e+00,    8.33310000000000e-01,    4.29200000000000e-01,    2.59690000000000e-01],  #  90 Th
        [   1.66627770000000e+02,    1.41284220000000e+02,    1.02456720000000e+02,    5.44640100000000e+01,    3.41796000000000e+01,    2.43027300000000e+01,    1.86668300000000e+01,    1.50570800000000e+01,    1.25481800000000e+01,    1.06993500000000e+01,    9.27773000000000e+00,    8.14965000000000e+00,    6.47415000000000e+00,    5.29500000000000e+00,    4.42690000000000e+00,    3.76659000000000e+00,    3.25135000000000e+00,    2.36411000000000e+00,    1.81047000000000e+00,    1.17369000000000e+00,    8.27720000000000e-01,    4.22970000000000e-01,    2.54970000000000e-01],  #  91 Pa
        [   1.59650180000000e+02,    1.35896100000000e+02,    9.85086800000000e+01,    5.23884600000000e+01,    3.29239600000000e+01,    2.34920600000000e+01,    1.81199800000000e+01,    1.46740300000000e+01,    1.22716700000000e+01,    1.04952600000000e+01,    9.12474000000000e+00,    8.03373000000000e+00,    6.40609000000000e+00,    5.25397000000000e+00,    4.40118000000000e+00,    3.74937000000000e+00,    3.23868000000000e+00,    2.35491000000000e+00,    1.80117000000000e+00,    1.16396000000000e+00,    8.18810000000000e-01,    4.17100000000000e-01,    2.51170000000000e-01],  #  92 U 
        [   1.52128390000000e+02,    1.12603310000000e+02,    7.54650300000000e+01,    4.07348500000000e+01,    2.73560900000000e+01,    2.06809600000000e+01,    1.66270800000000e+01,    1.38529700000000e+01,    1.18126700000000e+01,    1.02408900000000e+01,    8.99068000000000e+00,    7.97264000000000e+00,    6.41871000000000e+00,    5.29541000000000e+00,    4.45260000000000e+00,    3.80231000000000e+00,    3.28928000000000e+00,    2.39479000000000e+00,    1.83085000000000e+00,    1.18051000000000e+00,    8.28830000000000e-01,    4.21240000000000e-01,    2.53500000000000e-01],  #  93 Np
        [   1.72740680000000e+02,    1.45604780000000e+02,    1.01760140000000e+02,    5.01348300000000e+01,    2.99893400000000e+01,    2.08783400000000e+01,    1.59825000000000e+01,    1.29731100000000e+01,    1.09295300000000e+01,    9.43743000000000e+00,    8.28943000000000e+00,    7.37207000000000e+00,    5.98626000000000e+00,    4.98306000000000e+00,    4.22293000000000e+00,    3.62924000000000e+00,    3.15521000000000e+00,    2.31466000000000e+00,    1.77495000000000e+00,    1.14438000000000e+00,    8.01380000000000e-01,    4.04890000000000e-01,    2.42910000000000e-01],  #  94 Pu
        [   1.65602040000000e+02,    1.40497900000000e+02,    9.90178200000000e+01,    4.93590700000000e+01,    2.96192400000000e+01,    2.06060600000000e+01,    1.57483000000000e+01,    1.27644400000000e+01,    1.07432900000000e+01,    9.27216000000000e+00,    8.14368000000000e+00,    7.24416000000000e+00,    5.88867000000000e+00,    4.90888000000000e+00,    4.16626000000000e+00,    3.58539000000000e+00,    3.12064000000000e+00,    2.29340000000000e+00,    1.75963000000000e+00,    1.13363000000000e+00,    7.92730000000000e-01,    3.99540000000000e-01,    2.39500000000000e-01],  #  95 Am
        [   1.34397870000000e+02,    1.16174320000000e+02,    8.63865200000000e+01,    4.71493500000000e+01,    2.97740500000000e+01,    2.12860100000000e+01,    1.64817600000000e+01,    1.34221500000000e+01,    1.12973100000000e+01,    9.72665000000000e+00,    8.51214000000000e+00,    7.54147000000000e+00,    6.08224000000000e+00,    5.03649000000000e+00,    4.25215000000000e+00,    3.64471000000000e+00,    3.16276000000000e+00,    2.31365000000000e+00,    1.77098000000000e+00,    1.13848000000000e+00,    7.95370000000000e-01,    4.00560000000000e-01,    2.40110000000000e-01],  #  96 Cm
        [   1.50084160000000e+02,    1.29489300000000e+02,    9.33386400000000e+01,    4.75743700000000e+01,    2.87210300000000e+01,    1.99726200000000e+01,    1.52301700000000e+01,    1.23184200000000e+01,    1.03534300000000e+01,    8.93024000000000e+00,    7.84391000000000e+00,    6.98171000000000e+00,    5.68827000000000e+00,    4.75626000000000e+00,    4.04986000000000e+00,    3.49608000000000e+00,    3.05137000000000e+00,    2.25387000000000e+00,    1.73367000000000e+00,    1.11727000000000e+00,    7.79580000000000e-01,    3.90750000000000e-01,    2.33590000000000e-01],  #  97 Bk
        [   1.48009190000000e+02,    1.27668280000000e+02,    9.18844400000000e+01,    4.66738900000000e+01,    2.81153000000000e+01,    1.95155900000000e+01,    1.48547000000000e+01,    1.19926300000000e+01,    1.00613000000000e+01,    8.66330000000000e+00,    7.59745000000000e+00,    6.75291000000000e+00,    5.48976000000000e+00,    4.58350000000000e+00,    3.89923000000000e+00,    3.36439000000000e+00,    2.93578000000000e+00,    2.16854000000000e+00,    1.66849000000000e+00,    1.07587000000000e+00,    7.51200000000000e-01,    3.77540000000000e-01,    2.26470000000000e-01],  #  98 Cf
        [   1.41220170000000e+02,    1.22520680000000e+02,    8.90107400000000e+01,    4.57447300000000e+01,    2.77131900000000e+01,    1.92896700000000e+01,    1.46962900000000e+01,    1.18616100000000e+01,    9.94153000000000e+00,    8.54826000000000e+00,    7.48478000000000e+00,    6.64205000000000e+00,    5.38322000000000e+00,    4.48284000000000e+00,    3.80542000000000e+00,    3.27772000000000e+00,    2.85606000000000e+00,    2.10408000000000e+00,    1.61590000000000e+00,    1.03939000000000e+00,    7.24710000000000e-01,    3.64000000000000e-01,    2.18650000000000e-01],  #  99 Es
        [   1.34513240000000e+02,    1.17365110000000e+02,    8.60922200000000e+01,    4.48044200000000e+01,    2.73252700000000e+01,    1.90895400000000e+01,    1.45664700000000e+01,    1.17577800000000e+01,    9.84597000000000e+00,    8.45414000000000e+00,    7.38996000000000e+00,    6.54636000000000e+00,    5.28777000000000e+00,    4.39055000000000e+00,    3.71821000000000e+00,    3.19646000000000e+00,    2.78094000000000e+00,    2.04308000000000e+00,    1.56620000000000e+00,    1.00519000000000e+00,    7.00110000000000e-01,    3.51650000000000e-01,    2.11570000000000e-01],  # 100 Fm
        [   1.30207200000000e+02,    1.14111530000000e+02,    8.43232500000000e+01,    4.41735800000000e+01,    2.69219800000000e+01,    1.87618300000000e+01,    1.42890700000000e+01,    1.15253100000000e+01,    9.65452000000000e+00,    8.29885000000000e+00,    7.26543000000000e+00,    6.44733000000000e+00,    5.22619000000000e+00,    4.35283000000000e+00,    3.69532000000000e+00,    3.18262000000000e+00,    2.77250000000000e+00,    2.03981000000000e+00,    1.56323000000000e+00,    1.00019000000000e+00,    6.93780000000000e-01,    3.45450000000000e-01,    2.06730000000000e-01],  # 101 Md
        [   1.24805280000000e+02,    1.10004500000000e+02,    8.21183900000000e+01,    4.35324100000000e+01,    2.66190500000000e+01,    1.85568300000000e+01,    1.41261500000000e+01,    1.13882900000000e+01,    9.53719000000000e+00,    8.19771000000000e+00,    7.17785000000000e+00,    6.37109000000000e+00,    5.16720000000000e+00,    4.30564000000000e+00,    3.65622000000000e+00,    3.14915000000000e+00,    2.74301000000000e+00,    2.01619000000000e+00,    1.54266000000000e+00,    9.83030000000000e-01,    6.79080000000000e-01,    3.35580000000000e-01,    2.00020000000000e-01],  # 102 No
        [   2.06653320000000e+02,    8.36937500000000e+01,    6.48432200000000e+01,    3.87234300000000e+01,    2.51567100000000e+01,    1.80960100000000e+01,    1.40318300000000e+01,    1.14483000000000e+01,    9.66738000000000e+00,    8.36011000000000e+00,    7.35352000000000e+00,    6.54992000000000e+00,    5.33800000000000e+00,    4.46120000000000e+00,    3.79540000000000e+00,    3.27300000000000e+00,    2.85329000000000e+00,    2.09996000000000e+00,    1.60786000000000e+00,    1.02469000000000e+00,    7.07000000000000e-01,    3.47460000000000e-01,    2.05910000000000e-01],  # 103 Lr
        [   0.00000000000000e+00,    0.00000000000000e+00,    0.00000000000000e+00,    0.00000000000000e+00,    0.00000000000000e+00,    0.00000000000000e+00,    0.00000000000000e+00,    0.00000000000000e+00,    0.00000000000000e+00,    0.00000000000000e+00,    0.00000000000000e+00,    0.00000000000000e+00,    0.00000000000000e+00,    0.00000000000000e+00,    0.00000000000000e+00,    0.00000000000000e+00,    0.00000000000000e+00,    0.00000000000000e+00,    0.00000000000000e+00,    0.00000000000000e+00,    0.00000000000000e+00,    0.00000000000000e+00,    0.00000000000000e+00],  # 104 Rf
        [   0.00000000000000e+00,    0.00000000000000e+00,    0.00000000000000e+00,    0.00000000000000e+00,    0.00000000000000e+00,    0.00000000000000e+00,    0.00000000000000e+00,    0.00000000000000e+00,    0.00000000000000e+00,    0.00000000000000e+00,    0.00000000000000e+00,    0.00000000000000e+00,    0.00000000000000e+00,    0.00000000000000e+00,    0.00000000000000e+00,    0.00000000000000e+00,    0.00000000000000e+00,    0.00000000000000e+00,    0.00000000000000e+00,    0.00000000000000e+00,    0.00000000000000e+00,    0.00000000000000e+00,    0.00000000000000e+00],  # 105 Db
        [   0.00000000000000e+00,    0.00000000000000e+00,    0.00000000000000e+00,    0.00000000000000e+00,    0.00000000000000e+00,    0.00000000000000e+00,    0.00000000000000e+00,    0.00000000000000e+00,    0.00000000000000e+00,    0.00000000000000e+00,    0.00000000000000e+00,    0.00000000000000e+00,    0.00000000000000e+00,    0.00000000000000e+00,    0.00000000000000e+00,    0.00000000000000e+00,    0.00000000000000e+00,    0.00000000000000e+00,    0.00000000000000e+00,    0.00000000000000e+00,    0.00000000000000e+00,    0.00000000000000e+00,    0.00000000000000e+00],  # 106 Sg
        [   0.00000000000000e+00,    0.00000000000000e+00,    0.00000000000000e+00,    0.00000000000000e+00,    0.00000000000000e+00,    0.00000000000000e+00,    0.00000000000000e+00,    0.00000000000000e+00,    0.00000000000000e+00,    0.00000000000000e+00,    0.00000000000000e+00,    0.00000000000000e+00,    0.00000000000000e+00,    0.00000000000000e+00,    0.00000000000000e+00,    0.00000000000000e+00,    0.00000000000000e+00,    0.00000000000000e+00,    0.00000000000000e+00,    0.00000000000000e+00,    0.00000000000000e+00,    0.00000000000000e+00,    0.00000000000000e+00],  # 107 Bh
        [   0.00000000000000e+00,    0.00000000000000e+00,    0.00000000000000e+00,    0.00000000000000e+00,    0.00000000000000e+00,    0.00000000000000e+00,    0.00000000000000e+00,    0.00000000000000e+00,    0.00000000000000e+00,    0.00000000000000e+00,    0.00000000000000e+00,    0.00000000000000e+00,    0.00000000000000e+00,    0.00000000000000e+00,    0.00000000000000e+00,    0.00000000000000e+00,    0.00000000000000e+00,    0.00000000000000e+00,    0.00000000000000e+00,    0.00000000000000e+00,    0.00000000000000e+00,    0.00000000000000e+00,    0.00000000000000e+00],  # 108 Hs
        [   0.00000000000000e+00,    0.00000000000000e+00,    0.00000000000000e+00,    0.00000000000000e+00,    0.00000000000000e+00,    0.00000000000000e+00,    0.00000000000000e+00,    0.00000000000000e+00,    0.00000000000000e+00,    0.00000000000000e+00,    0.00000000000000e+00,    0.00000000000000e+00,    0.00000000000000e+00,    0.00000000000000e+00,    0.00000000000000e+00,    0.00000000000000e+00,    0.00000000000000e+00,    0.00000000000000e+00,    0.00000000000000e+00,    0.00000000000000e+00,    0.00000000000000e+00,    0.00000000000000e+00,    0.00000000000000e+00],  # 109 Mt
        [   0.00000000000000e+00,    0.00000000000000e+00,    0.00000000000000e+00,    0.00000000000000e+00,    0.00000000000000e+00,    0.00000000000000e+00,    0.00000000000000e+00,    0.00000000000000e+00,    0.00000000000000e+00,    0.00000000000000e+00,    0.00000000000000e+00,    0.00000000000000e+00,    0.00000000000000e+00,    0.00000000000000e+00,    0.00000000000000e+00,    0.00000000000000e+00,    0.00000000000000e+00,    0.00000000000000e+00,    0.00000000000000e+00,    0.00000000000000e+00,    0.00000000000000e+00,    0.00000000000000e+00,    0.00000000000000e+00],  # 110 Ds
        [   0.00000000000000e+00,    0.00000000000000e+00,    0.00000000000000e+00,    0.00000000000000e+00,    0.00000000000000e+00,    0.00000000000000e+00,    0.00000000000000e+00,    0.00000000000000e+00,    0.00000000000000e+00,    0.00000000000000e+00,    0.00000000000000e+00,    0.00000000000000e+00,    0.00000000000000e+00,    0.00000000000000e+00,    0.00000000000000e+00,    0.00000000000000e+00,    0.00000000000000e+00,    0.00000000000000e+00,    0.00000000000000e+00,    0.00000000000000e+00,    0.00000000000000e+00,    0.00000000000000e+00,    0.00000000000000e+00],  # 111 Rg
        [   0.00000000000000e+00,    0.00000000000000e+00,    0.00000000000000e+00,    0.00000000000000e+00,    0.00000000000000e+00,    0.00000000000000e+00,    0.00000000000000e+00,    0.00000000000000e+00,    0.00000000000000e+00,    0.00000000000000e+00,    0.00000000000000e+00,    0.00000000000000e+00,    0.00000000000000e+00,    0.00000000000000e+00,    0.00000000000000e+00,    0.00000000000000e+00,    0.00000000000000e+00,    0.00000000000000e+00,    0.00000000000000e+00,    0.00000000000000e+00,    0.00000000000000e+00,    0.00000000000000e+00,    0.00000000000000e+00],  # 112 Cn
        [   0.00000000000000e+00,    0.00000000000000e+00,    0.00000000000000e+00,    0.00000000000000e+00,    0.00000000000000e+00,    0.00000000000000e+00,    0.00000000000000e+00,    0.00000000000000e+00,    0.00000000000000e+00,    0.00000000000000e+00,    0.00000000000000e+00,    0.00000000000000e+00,    0.00000000000000e+00,    0.00000000000000e+00,    0.00000000000000e+00,    0.00000000000000e+00,    0.00000000000000e+00,    0.00000000000000e+00,    0.00000000000000e+00,    0.00000000000000e+00,    0.00000000000000e+00,    0.00000000000000e+00,    0.00000000000000e+00],  # 113 Nh
        [   0.00000000000000e+00,    0.00000000000000e+00,    0.00000000000000e+00,    0.00000000000000e+00,    0.00000000000000e+00,    0.00000000000000e+00,    0.00000000000000e+00,    0.00000000000000e+00,    0.00000000000000e+00,    0.00000000000000e+00,    0.00000000000000e+00,    0.00000000000000e+00,    0.00000000000000e+00,    0.00000000000000e+00,    0.00000000000000e+00,    0.00000000000000e+00,    0.00000000000000e+00,    0.00000000000000e+00,    0.00000000000000e+00,    0.00000000000000e+00,    0.00000000000000e+00,    0.00000000000000e+00,    0.00000000000000e+00],  # 114 Fl
        [   0.00000000000000e+00,    0.00000000000000e+00,    0.00000000000000e+00,    0.00000000000000e+00,    0.00000000000000e+00,    0.00000000000000e+00,    0.00000000000000e+00,    0.00000000000000e+00,    0.00000000000000e+00,    0.00000000000000e+00,    0.00000000000000e+00,    0.00000000000000e+00,    0.00000000000000e+00,    0.00000000000000e+00,    0.00000000000000e+00,    0.00000000000000e+00,    0.00000000000000e+00,    0.00000000000000e+00,    0.00000000000000e+00,    0.00000000000000e+00,    0.00000000000000e+00,    0.00000000000000e+00,    0.00000000000000e+00],  # 115 Mc
        [   0.00000000000000e+00,    0.00000000000000e+00,    0.00000000000000e+00,    0.00000000000000e+00,    0.00000000000000e+00,    0.00000000000000e+00,    0.00000000000000e+00,    0.00000000000000e+00,    0.00000000000000e+00,    0.00000000000000e+00,    0.00000000000000e+00,    0.00000000000000e+00,    0.00000000000000e+00,    0.00000000000000e+00,    0.00000000000000e+00,    0.00000000000000e+00,    0.00000000000000e+00,    0.00000000000000e+00,    0.00000000000000e+00,    0.00000000000000e+00,    0.00000000000000e+00,    0.00000000000000e+00,    0.00000000000000e+00],  # 116 Lv
        [   0.00000000000000e+00,    0.00000000000000e+00,    0.00000000000000e+00,    0.00000000000000e+00,    0.00000000000000e+00,    0.00000000000000e+00,    0.00000000000000e+00,    0.00000000000000e+00,    0.00000000000000e+00,    0.00000000000000e+00,    0.00000000000000e+00,    0.00000000000000e+00,    0.00000000000000e+00,    0.00000000000000e+00,    0.00000000000000e+00,    0.00000000000000e+00,    0.00000000000000e+00,    0.00000000000000e+00,    0.00000000000000e+00,    0.00000000000000e+00,    0.00000000000000e+00,    0.00000000000000e+00,    0.00000000000000e+00],  # 117 Ts
        [   0.00000000000000e+00,    0.00000000000000e+00,    0.00000000000000e+00,    0.00000000000000e+00,    0.00000000000000e+00,    0.00000000000000e+00,    0.00000000000000e+00,    0.00000000000000e+00,    0.00000000000000e+00,    0.00000000000000e+00,    0.00000000000000e+00,    0.00000000000000e+00,    0.00000000000000e+00,    0.00000000000000e+00,    0.00000000000000e+00,    0.00000000000000e+00,    0.00000000000000e+00,    0.00000000000000e+00,    0.00000000000000e+00,    0.00000000000000e+00,    0.00000000000000e+00,    0.00000000000000e+00,    0.00000000000000e+00],  # 118 Og
    ],
    dtype=torch.float64,
)
